0.0025886688 -0.00056255306 0.0033257501
0.0016655716 0.0024554878 -0.001897178
-0.003921938 -0.0004387484 0.0007268276
0.0026912647 -0.0017528257 -0.00036505025
-0.0030224763 6.820251e-05 0.0027046157
0.0040115835 0.0027506808 0.0013858979
0.003246609 -0.002134101 -0.0014898871
0.0012922601 0.0051562414 -0.0025344433
0.0019220037 -0.0010251381 -0.0019077495
-0.0024172233 -0.0020681163 -0.002411042
0.0011995496 0.0046898043 -0.0016246557
-0.0048699626 0.0007856779 -0.004307004
0.00012080675 -0.0008722892 0.0008626689
0.0030932436 0.0048091216 -0.0011220609
-0.0022875406 -0.0009425257 0.0005005208
-0.0020736463 0.004476623 -0.0042711585
-0.0036752087 0.0008753324 -0.0060297726
0.0025001538 0.0011795419 -7.7447476e-05
0.0004805033 0.0005091722 -0.002931889
0.0018555069 0.0013857807 -0.0040737814
-0.000306698 0.0054007885 -0.0019305238
-7.914627e-06 -0.0025212218 -0.0030142374
0.00031206044 0.00021944649 -0.0016977903
0.0025923175 -0.00071281946 0.0022842218
0.0013602405 0.000993162 -0.001283366
0.0001857914 0.0003443995 -0.0030202651
-0.005873037 0.00073714135 -0.0021485728
-0.0045757336 -0.0023452565 -0.0040757875
0.0025140955 -0.003946022 0.00063564465
0.0010670042 0.0035798477 -0.0010693276
8.56559e-05 -0.0011045903 0.0033703134
-0.00065467175 0.0055089504 0.000435115
-0.0023345612 -0.0006493515 0.0005575752
-0.0010857129 0.00018645861 -0.0025810732
-0.00091467536 0.00092465663 0.0016803013
-0.0013010035 0.0038566825 -0.0031060886
0.00010765821 0.0017732594 0.0024013673
-0.004376708 -0.007733117 -0.0008124508
-0.00060777663 -0.0005334567 0.0021474992
-0.00096757297 -0.0045142365 -0.0037192504
0.0017542662 0.00026671425 0.0039992635
0.0022065507 -0.00015370142 0.0019175584
-0.0036824069 0.0017039366 -0.0011734829
-0.0025267317 -0.0044533303 0.00063309
-0.0007130336 0.006341557 0.0023758938
-0.0035649915 -0.001973203 0.0013907523
0.00073990604 -0.0007748047 -0.006864616
0.002235778 0.0053713443 0.0055774185
0.00086706615 0.0016221101 -0.00068846066
-0.00037841732 0.005254238 0.0035946984
0.0030132588 0.0013177125 -0.00060949824
-0.0043428177 -0.0044234493 -0.0019345367
-0.0004340792 -0.00026787526 0.00047489986
0.002453584 -0.0040582954 -0.007912772
0.0010598674 0.0031845896 -0.0032733437
-0.0010114531 0.0003021701 -0.0006985967
-0.00314885 0.0046692416 0.00080682116
0.002813249 -0.0049294494 0.00089445175
8.546333e-05 0.0014538055 -0.0007058875
-0.0005194427 -0.0056043607 -0.0004672938
0.00029359793 -0.0009725358 -0.0055222698
-0.00047067323 -0.00021624775 0.0015906857
-0.0006108467 0.001192693 -0.0031628252
0.0020466757 0.0049370094 0.00057174725
-0.0012039139 0.0023786118 -0.00013927193
0.0030690636 -0.0017175863 -0.00383598
-0.0033422895 0.00051042053 -0.0013332795
0.00309001 -0.004843375 0.0004296829
-0.0035904888 -0.00047142938 -0.00024761804
-0.007222204 -0.0010106036 0.0029204306
0.00093303574 0.0023835243 -0.0010945513
-9.959283e-05 0.0022417207 -0.002547931
0.00085682 -0.00035222052 -0.0013012233
0.0031609426 0.00013714471 -0.0021695402
-0.0002609278 0.003610814 0.00023708891
0.00037311847 0.0063718744 -0.0010669718
0.0007681756 -0.0038260876 0.002835907
-0.00038656167 0.0018275292 0.00031449468
0.0009852687 0.0071896072 0.00225209
0.0046186 -0.0011676578 0.0016059407
0.0024211397 0.004539748 -0.0007086327
0.004313049 -0.001100958 0.0016653228
-0.0033175638 0.003919697 -0.0066504693
-0.0017461192 -0.00117945 -0.0015265548
-0.00036961603 -0.0023507169 0.0056833853
0.0042593847 -0.0025848048 0.00030973292
-0.0016379382 -0.0029236337 0.0009963055
0.002021733 0.0019269106 -0.00081435253
0.0015680713 -0.0022022582 -8.6705026e-05
-0.0030279565 0.0008147928 0.0013766385
-0.0018484949 0.00015251228 -0.0022842067
-0.0017137888 -0.0041974336 -0.0024419574
0.0013373668 -0.0017629798 -0.00015453516
0.00024427238 -0.0011478522 -0.0010395875
0.00049989444 -0.0015209438 0.0011321532
-0.0004567265 0.0022114746 -0.004708654
-0.0008463168 0.0036299746 0.0018228343
-0.00047621212 0.0006798255 -0.0043844227
0.00034831662 -0.0019088243 -0.0016131593
0.0009228144 -0.00088158273 0.0028171807
0.0009898671 -0.00023268668 0.0035849672
0.00028138648 0.0020783723 -0.0017977073
-0.00027605757 -0.0030965458 -0.00089152274
-0.00070127356 0.00014475925 0.002944345
-0.0017241889 0.0010932462 -0.002007421
0.00033209953 -0.002960212 0.00028897644
0.00069028826 0.00044653928 -0.0008636118
-0.0022497864 0.0018174463 0.004973998
0.0009420025 -0.005139746 -0.002282947
0.0041977223 0.002266004 0.002579521
-0.0021071085 -0.0021003722 0.00021908563
-2.8516442e-05 -8.729925e-05 0.0007689557
0.0012665264 -8.3575804e-05 0.0046041254
0.00047849145 -0.0029452008 0.0006134717
-0.003037628 -0.0007235303 0.0038129217
-0.002029862 0.00021522824 0.0026061614
-0.00015736488 -0.0020119091 0.00064696616
-0.00074609905 -0.002663747 0.0047056745
0.0007756876 -0.0021808427 -0.0005385427
-0.0018232326 -0.0015704691 0.0026570077
-0.0041491757 0.0026313122 0.0014991574
0.0010987464 -0.0066183233 0.00055089477
0.003819198 0.0026319474 0.0048317616
0.00038067563 -0.004579195 0.0035338013
-0.00082824007 -0.0013222804 -0.0027940937
0.0035403527 -0.0009697527 0.0014040455
0.0011801999 -0.0010763584 0.004122922
-0.003275406 -0.0012669441 0.0013425257
0.0022180367 0.0017572885 -0.00126338
-0.0007211224 0.0017877935 0.0014708657
0.0028415534 -0.0011790206 0.002827457
0.0014646611 0.0045650853 0.00055220997
0.0030080387 0.0040895543 0.00091500743
0.0044724997 -0.00018436598 0.0028828268
-0.0020015596 -0.0009356963 -0.0032610125
-0.0030570359 0.0014856196 0.0039953194
-0.00039158534 -0.0019163542 0.0027320723
0.0019808584 0.005861521 0.0029269583
0.0034806412 4.885142e-05 0.0011630463
-0.0013954836 -0.0026198472 0.002916434
-0.0035490529 0.0004239643 0.0029837016
0.00095773255 -0.0018104401 0.0008603352
0.001444684 0.007455943 0.0045634788
-0.0016895444 0.0013913381 -0.001899683
-0.002096815 -0.0032854034 0.0029766527
0.00138103 0.00044598902 -9.166832e-05
-0.00018484649 -0.0004698744 -0.00031967962
0.0032687427 -0.0035524636 -0.0036621813
-0.000689956 0.0012158692 0.004298031
-0.00097574183 0.001017871 -0.0043839496
-0.00026736135 0.0037029989 0.0041282997
0.0008493573 -0.0015970229 -0.002136696
0.0032312626 0.0040102825 -0.0030857062
0.002506728 0.00087126216 -0.001656431
0.0049497527 -6.09742e-05 0.00302229
0.0030797482 0.00015409834 -0.0015033181
0.0011957849 0.0042282837 0.00019669137
0.004519015 -0.0046667834 -0.0013872741
0.00049528584 -0.007208422 -0.0017642014
-0.0024406319 0.0017459209 0.0051889075
-0.0022600573 -0.0021481076 -0.0022610566
0.0008743867 0.0023729773 0.0038069265
-0.0018173878 -0.0027042602 0.0012831377
0.003028313 0.0016225722 -0.0010329115
-0.0009036319 0.002713501 0.0015611368
0.0018802173 0.0002902101 -0.00086587144
-0.0029079297 0.0015177373 -0.0033625632
0.0031307954 -0.001704875 -0.0015797733
-0.0006165695 0.0007013191 -0.0033973295
0.0018371278 0.0028741602 -0.0005714081
-0.004456844 -6.045145e-05 0.00018112667
-0.0023999184 -0.005703196 0.0011935605
0.005396574 -0.0011987784 0.002484698
0.0007820296 -0.0032533817 0.00061333284
0.00082344643 0.0011817402 -0.00046955148
0.00027828693 0.0003182146 -0.00078612997
0.000226113 0.00021339834 -0.0029484753
0.0035616537 0.0020560967 0.0019434429
-0.0036889578 0.002088741 -0.0002550488
-0.00016961031 0.0025944859 -0.00063446135
0.0026715407 -0.005423637 -0.0013317631
0.0021166448 0.0006572924 0.00036062306
-0.0016011966 0.0013028184 -0.0053231274
0.002474995 0.0029199182 -0.0012224524
-0.0023905642 -0.006610134 0.0005131883
-0.0043652006 -0.0066250516 0.00039311964
-0.0013750513 -0.00061093806 0.0011305215
0.0026588151 0.002964408 0.0017759555
-0.0009632107 0.0010657029 0.0040242085
0.0031255663 0.0041927746 -2.0586333e-05
6.702782e-05 -0.003305583 -0.0017475609
-2.7131115e-05 0.00036012992 -0.0003022671
0.0028549575 0.00016316344 -0.00019364551
0.0017643891 -0.0018032851 0.0008314682
0.0016886183 0.0024903968 0.0011766392
0.002003582 0.0013715324 0.0021052812
0.00079094764 -0.002611752 0.001147342
-0.0022617562 0.0020728847 -0.00069993123
0.0052733943 0.0010846378 -0.0007898684
0.0017220925 0.00294338 -0.00523939
0.002881641 0.0031065415 0.0017592837
-0.0014668521 -0.00082915835 5.4421627e-05
-0.0011088628 -0.0004772231 0.0017914424
-0.0056156963 -0.0034328573 -0.0024151122
0.0009964681 0.002026658 0.004487023
0.0009454113 0.0044074347 0.0019928457
-0.005785868 0.0016051969 0.0060334723
-0.0021167197 0.004898914 0.0038026543
0.0043088114 0.0016816701 0.003094628
0.0009859577 -0.0022848304 -0.0022710362
0.0011377109 0.00015638609 0.00073469855
0.0009978417 0.0026336838 0.003412546
0.0004600651 0.0014211873 -0.0015777334
0.0014976619 0.003091888 0.00043101044
-0.000936296 0.0020889582 8.978354e-05
0.0027257197 -0.0016933496 -0.00048405887
0.0004558252 -0.0027283486 0.0009570689
0.00065344176 -0.004235549 0.0038480996
0.005208555 0.0020212084 -0.00032876394
-0.0005879693 0.003872108 0.0023701428
0.0006581343 -0.0030860375 -0.0017514955
-0.0021581633 -0.0009800576 0.0014292322
-0.00026438985 0.00016247001 0.0043750294
-0.0011583479 -0.0008971824 0.002149855
0.0015983783 0.00090134284 -0.0018507891
-0.0015293488 0.0003127763 -0.0006452211
-0.00029053254 -0.0017774424 -0.0005104116
0.0034016604 0.0045574084 0.0009851708
0.0030141696 0.0025462476 -0.00037266628
-0.00032774673 -0.00072074134 0.0052489
0.0017158852 0.00116479 0.0011856228
-0.00040244835 0.0027166319 0.0046621175
0.0019606035 -0.0020126589 -0.0024987222
-0.0019108359 0.003036819 -0.0028399525
0.004936354 0.0013408028 0.0016781242
-0.0023420674 -0.006145474 0.0051004644
0.00088671397 0.0017957953 -0.0026085796
-0.0017044996 -0.0019732297 0.002276042
-0.00033157962 -0.0021148701 -0.0017050221
-0.0028103925 0.0011890957 -0.0015012521
-0.0021918046 0.0013541761 0.000626927
0.0048468676 0.002462688 0.002468169
-0.0002466814 0.00018128226 0.0006827154
0.00024235185 -0.0003524498 -0.002134574
-0.0012777692 -0.0029773782 7.1854884e-06
0.0043097576 -0.0006510614 0.0027977768
-4.84036e-05 0.002458795 0.00018011991
-0.0026431736 -0.0027781304 -0.0010737292
-0.0059454925 0.001974232 -0.0004957383
0.0043165223 -0.0027669142 0.00016882493
0.00087594154 0.0023793606 -0.0018619273
0.0014536671 -0.00081307994 -0.0019055789
-0.00092086213 -0.0010796904 -0.0025095092
0.0065418608 -0.00087937445 -0.0005286782
0.004348809 0.004181366 -0.001670511
0.0052747764 0.004610901 -0.0004804408
-0.00029336335 -0.0013875628 0.0003224955
6.551425e-05 -0.002191701 0.0018392839
0.00047554373 -0.00057577674 6.832855e-05
0.0005482596 -0.0013979848 0.0011852195
0.0002680816 -0.0021477877 0.0002316734
0.00025006122 -0.00185786 0.00082153734
0.0006642253 -0.002717394 -6.0165446e-05
-0.0007024596 -0.0019312571 0.0010472483
-0.00062711234 -0.0033995335 -0.0006844537
-0.0019797755 -0.003677972 0.00077921106
3.5462843e-05 -0.0041009462 0.00018352084
-0.0012519351 -0.0035107927 -0.0007029107
-0.0010871289 -0.0033647795 -0.0017539191
-0.0023790528 -0.0034326557 -0.0007787516
-0.00076216256 -0.003831236 -0.0028614327
-0.0015193669 -0.0024497812 -0.0007142854
-0.00080093765 -0.0034806358 -0.0032191372
-0.0011028567 -0.0024306169 -0.000113965856
0.00033811637 -0.003485117 -0.0017265716
-0.0009753399 -0.0036055243 0.00048523728
-0.00041326362 -0.0031692102 -0.0024278166
-0.0011759349 -0.0033034321 0.001009522
0.00070343196 -0.0017479812 -0.001324304
-0.00065397326 -0.0024370668 0.00045766437
0.00050255755 -0.0022472085 -0.0004337292
-0.00016535295 -0.0024711362 0.00011888519
-0.0011343568 -0.002669734 -0.00028286577
-0.00042073918 -0.0013878348 -0.0007708643
-0.0016882938 -0.0024866033 0.00120549
-0.0010991995 -0.0017137498 -8.621486e-05
-0.00022738794 -0.0011520283 0.0012355666
-0.00020928623 -0.0013130989 0.0002532521
0.001162874 -0.0016318199 -0.0002763239
-0.0009097058 -0.0018047622 0.00053157116
-0.0018209787 -0.0033979635 0.0009012006
-0.002295384 -0.002828061 0.0014292214
-0.0027109317 -0.004661901 0.0017955787
-1.02230115e-05 -0.001713926 0.0002918441
-0.0016556873 -0.0042111054 0.0027275565
-0.0013006759 -0.0036320002 -0.0004929275
-0.002155615 -0.004480216 0.0010495285
-0.0028465115 -0.0055058524 -0.00054436154
-0.0003001152 -0.0022440606 0.00036812096
-0.002145043 -0.0035987822 -0.0011964949
0.00048241043 -0.0025030253 -0.0021964374
-0.00058934995 -0.0010155572 -4.579709e-05
0.0007303848 -0.0016412775 -0.0005386791
-0.0027055684 -0.0010743638 -0.00031681196
0.00029143458 -0.003641861 -0.00088020717
-0.0026156018 -0.0019083389 -0.00042936578
-0.0010549667 -0.004965059 -5.016767e-05
-0.0029126126 -0.0016868722 0.0008236383
-0.00063359994 -0.004474826 0.0025526215
-0.0022537862 -0.0029492937 0.00035211694
-0.0014219419 -0.0065279487 0.0029899136
-0.0026681996 -0.0032851207 0.00039982155
-0.0014371666 -0.004089862 0.0027583884
-0.003328777 -0.00089333614 0.00094915053
-0.0017185662 -0.004122787 0.0003353146
-0.0031399587 -0.0013401178 -0.0010496052
0.00016844517 -0.00302561 0.0016109718
-0.00038353598 -0.0005035194 -0.0010555568
0.0003474193 -0.003993592 0.0011483365
-0.0006859693 -0.0015674502 0.0005858836
0.0019939975 -0.0013087357 0.0002985862
0.0018120145 -0.0020373515 -0.00020454804
0.00056485046 -0.0012967573 0.0019935612
0.001527488 -6.1140163e-06 0.0014760836
-4.3531036e-05 -0.0032160631 6.5925706e-05
-0.0015921278 -0.00080114184 0.0012226354
0.00072515104 -0.004563718 0.0018431658
-0.0027957172 -0.0029963802 -0.00016360838
-0.0006679781 -0.004882057 0.0046743946
-0.002529632 -0.005018468 0.0030971754
0.0013358275 -0.0011959102 0.0028593498
-0.0025000656 -0.0017932195 0.0034034986
0.0010867249 -0.0050692796 0.0014242821
-0.0029257392 -0.0019458523 -0.0002587124
0.00034151785 -0.0014104883 -0.0014912724
-0.0035009678 -0.0024765297 0.0018594696
-0.00041144714 -0.002329154 0.0018818453
-0.0029204846 -0.0038250182 0.002189906
-0.0006155515 -0.001962559 0.0015970677
-0.004534001 -0.0010351106 0.0030542728
-0.00033437624 -0.0021356705 0.0017826834
-0.005786758 -0.0027448654 0.006117425
-0.0006002994 -0.0064205355 0.0014932
-0.0018462754 -0.002624917 0.0021214301
-0.0005081043 -0.005318541 0.0029420971
0.00014233333 -0.0010518652 0.0013362806
-0.0010000784 -0.0034532712 0.0021697695
-0.0008406476 -0.0020416533 0.0028691567
0.00013510225 -0.0017703287 0.0038593707
-0.00043451472 -0.0014213359 0.0023313677
0.0009013977 -0.002478444 0.0024953303
8.748959e-05 0.0005212681 0.0009107009
0.00081071537 -0.0013503928 -0.00029635185
-0.0009022248 -0.0025583257 0.00078961195
7.1738206e-05 -0.003139411 0.0023094874
-0.0016350687 -0.0014116999 0.001521515
-0.0010451879 -0.004705882 0.0012164258
-0.0038127308 -0.0023466574 0.0009783092
-3.2017473e-05 -0.0034029675 0.00066053227
-0.00017309026 -0.001845758 0.0026400909
0.003523464 -0.0036163414 0.002223787
-0.0005772996 -0.0031255002 -0.0020342993
-0.0026912745 -0.0013934311 0.0035451972
-0.0017451752 -0.003958208 0.00087702833
-0.0015010282 -0.007512601 0.0027102542
-0.0030597597 -0.005791678 0.0013396052
-0.003484194 -0.002548443 0.0019449065
-0.004731335 -0.002127401 0.0038735643
-0.0031361398 -0.0046770675 0.0016179522
-0.0073718447 -0.005078633 0.0026091272
-0.0025508841 -0.0040896633 -0.0018565212
-0.006067329 -0.0022412513 0.00013937056
-0.0033047 -0.0042175436 -0.0020377154
-0.0027702984 -0.0005458272 0.00043615198
-0.0036402564 -0.0040303813 -0.0005297685
-0.003053083 -0.00051363674 -0.0017570194
-0.0014474062 -0.006480136 0.0021925233
-0.003517064 -0.0032648183 0.002302013
-0.0011033388 -0.003055224 7.050345e-05
-0.0005893493 -0.0011827236 0.0033032217
-0.0008929627 -0.0029278346 0.0004555555
-0.0007324106 0.00014274998 -0.0012532484
0.00084109383 -0.0042005666 0.0011162536
0.0010831619 -0.0014201528 -0.00015518564
0.0011855501 -0.001381176 0.0003210318
-0.0011703044 -0.0010118963 7.712701e-05
-0.0006371588 -0.0026986802 0.002140081
-0.0024308874 -0.003007426 0.0021274195
0.0007323908 -0.003888443 0.0014431769
-0.004440638 -0.0031890464 0.0040560006
7.598422e-05 -0.00028519332 0.0027640145
-0.005349693 -0.001481191 0.0054637147
-0.0022336694 -0.0007212742 -0.0017727623
-0.0025320945 -0.002917118 -0.00022210495
-0.00073622103 -0.0013036418 0.0029574183
-0.006855455 -0.004062831 0.004927551
-0.0022826777 -0.004888302 0.0046540378
-0.009866487 -0.0048857452 0.005638137
-0.003020016 -0.00666974 0.0022642142
-0.007009359 -0.005267309 0.0033628237
-0.0031647193 -0.0065623294 -0.0009771109
-0.0046258243 -0.00560602 0.003078754
-0.0024137525 -0.0056657405 0.001379476
-0.0037350233 -0.0075406786 0.005871961
-0.00021162536 -0.009070888 0.0011691566
-0.003087813 -0.0055271317 0.00068358146
-0.00031752815 -0.0021646225 0.0018405779
-0.0088344775 0.0013302779 0.0034079617
0.00012677294 -0.006176766 0.0017802333
-0.004468563 -0.0042125955 0.0001381957
-0.0024227886 -0.0028863861 0.002432159
-0.0010774091 0.00063060666 0.00089827646
0.00036106605 -0.0034809248 0.00411627
-0.0017988442 -0.00363375 -0.00055285543
0.0015967374 -0.0028812229 0.0021186569
0.00047813103 -0.0005232137 0.0012709731
0.00034107576 -0.0016582758 0.0006201131
-0.0023009696 -0.0024523577 0.00039591623
-0.002457634 -0.0046448316 0.0018819185
-0.0048078746 -0.00476753 0.0012749217
-0.0010047684 -0.0031613098 -0.00036521885
-0.0015168431 -0.003560516 -0.0005474858
-0.0019446191 0.00025662128 0.0005117895
-0.0011715564 -0.0042735212 0.0030184838
-0.00014969998 -0.00044609443 0.00033323513
-0.0020203255 -0.0026893122 0.0006517045
-0.0035921433 -0.0028368274 0.0038661647
-0.0051990915 -0.00485623 -0.0007996906
-0.0041559585 -0.0024599908 -0.0009298925
-0.0011403824 -0.0017892886 -0.0023975503
-0.0055767857 -0.00120785 -0.0030895178
-0.0025642687 -0.0031615442 -0.002734102
-0.002565449 -0.005980158 -0.0031851614
-0.0026988091 -0.0019252449 -0.0008969186
0.00034340506 -0.0025588446 -0.0015784842
-0.0038489178 -0.005802833 0.00075535825
-0.0025163281 -0.0061883656 -0.0016565885
-0.0019120919 -0.006686679 -0.0015200404
-0.0015480373 -0.0070207776 0.00023898145
-0.0014272709 -0.0018251832 0.003499277
-0.0036354125 -0.0017395031 -0.0037457868
-0.00286642 -0.0059519503 -0.0020853938
-0.004003807 -0.005581184 -0.00060016743
-0.00035337638 -0.0010673399 0.003410296
0.0012321733 -0.0017625552 0.0017657747
0.00056438544 -0.00035413494 -0.00021777092
0.0015485005 -0.0049768854 0.0006451286
0.0003956274 -0.0013955156 0.0002154645
0.0011911648 -0.0027229562 8.0419646e-05
-0.0019524067 -0.0033106434 0.0007273268
-0.0018854258 -0.0040016714 0.000661445
-0.0052813054 -0.0056282547 0.0023777205
-0.003332559 -0.0019903244 0.0027994972
-0.00085835386 -0.00044669746 0.0023532566
0.00037858426 0.0009478587 0.0020100533
-0.0016910566 -0.005250088 -0.00042667193
-0.0043904143 -0.0018160362 0.002013952
-0.0053816466 -0.005035056 0.002563301
0.002772805 -0.006147854 0.00025250856
-0.0025963578 -2.1162443e-05 -0.0008888135
0.00068566273 -0.00678962 -0.0022064038
-0.0035361692 -4.632864e-05 0.002237656
0.0016861325 -0.0028145174 -0.0011021512
-0.003072156 -0.0039849435 0.00026978296
-0.0016438989 -0.0015890952 0.00041474967
-0.0022851145 -0.0046734577 0.0021860779
-0.002102537 0.0042237304 -0.0009958216
-0.00032290234 -0.0024374845 0.004492138
-0.0022741407 -0.007807131 -0.00013823144
0.0013638716 -0.01045463 0.0026131056
0.002717738 -0.0041076 -0.00020699948
0.00075401226 -0.006259259 -0.0015741102
0.0002256399 -0.0064109806 0.00026621134
-0.00611187 -0.001481808 0.0004336224
-0.0046039405 -0.0061170193 0.0041203327
-0.000612715 -0.0044716075 0.00095991325
-0.001108116 -0.0008943996 0.00437629
-0.00078532915 -0.002241351 0.00016109482
0.0018670884 -0.0040795626 0.0022968852
-0.00019178021 -0.00091938034 0.00032738718
0.001040882 -0.0023896927 0.0004135211
-0.0022107942 -0.0045825527 0.0019120938
-0.0021114056 -0.0038943607 -0.00078537816
0.001126424 -0.0017213798 0.0026324585
0.0043505593 0.00093533844 0.00040105707
-0.00074112206 5.5660494e-06 0.0015093611
0.0011433917 0.0006996312 0.0032153563
-0.0056697316 -0.0036791381 -0.00018887105
-0.00081066834 -0.00029037287 0.00072488
-0.0010622276 -0.0022662093 0.00016024953
0.00080614793 -0.00850993 0.00018308725
0.0029122108 -0.007818845 0.0009157426
0.00045257877 -0.0032629692 0.0017568693
-0.0024326162 -0.001966402 -3.886316e-05
-0.002193018 -0.0021223808 0.000525411
-0.0012723 -0.0076830485 0.0010143265
0.004276661 -0.0071961037 -0.0009776969
-0.0013902835 -0.011461065 0.0019526933
0.003212391 -0.0070967386 -0.0032035173
0.00048054545 -0.0047169034 -0.002044061
0.0030806125 -0.010829634 -0.0001323375
-0.0019803955 -0.008318743 0.0022689253
0.000646933 -0.0024873044 -0.003718582
-0.003994059 0.0011684862 -0.0018940496
0.0007300996 -0.0076749846 -0.005116766
-0.0070338408 -0.0040146485 -0.0009693821
-0.00452156 -0.0068417364 0.0017515006
-0.003145821 -0.006199321 -0.0005051448
-0.0017475415 -0.004735268 0.000811065
-0.0013538925 -0.0019715764 0.00013539311
0.0024049592 -0.0039472305 -0.00011980202
-0.00025393208 -0.00092533644 0.00017133786
0.0015770225 -0.001949525 5.102635e-05
-0.0010928671 -0.004018668 0.0013751786
-0.0034152172 -0.0044212625 0.0029017017
-0.00096276205 0.0014213274 0.0018090606
-0.0004296566 0.0016396539 0.002530358
0.0016765422 -0.0052160374 0.0032861251
-0.003933365 -0.0050166566 0.0026831848
-0.0041054413 -0.009058866 6.02192e-05
0.0050444715 -0.0063756425 -0.0010938947
-0.001062319 -0.005819344 -0.00032254262
0.0010818467 -0.0010160208 -0.0060075046
-0.0045494796 -0.0033445754 -0.00042357738
-0.0028475893 -0.002058234 0.004657071
0.0010272751 -0.004291056 0.005532247
0.0022100601 -0.00711143 0.0038985522
0.0071549863 -0.009278251 0.0035298357
0.0034426998 -0.0063575637 0.004699945
0.0032385807 -0.008230662 0.0053857793
0.0021661166 -0.005079317 0.0058175377
0.0035114246 -0.005793535 0.0012157016
0.0031451562 -0.0041246945 0.0027718656
-0.0021392452 -0.0062374854 0.00071269786
0.0034569826 -0.0016171988 0.00054237596
0.001224074 -0.0018661544 -0.00029622647
0.00014004717 -0.012805179 0.004354044
-0.005257325 -0.004263354 0.0054261573
-0.0026638627 -0.0017812792 0.005176005
-0.004459614 -0.0045506977 0.0058023715
-0.0017432503 -0.00039206608 0.002112132
-0.001846451 -0.0019655516 4.5882072e-05
-0.00035120256 -0.0043621715 0.002321706
-0.00055198226 -0.00057123083 0.0008211457
-7.709564e-05 -0.0015310331 0.001087998
-0.0011618747 -0.005356312 -0.00010371255
0.00024722412 -0.0034727007 0.0006017402
-0.0012785996 -0.0028480752 0.0011073225
0.0005975093 -0.0037871292 0.0043953503
-0.0028372263 -0.0019521622 0.0006234343
-0.0055326326 -0.011994141 0.0016883076
-0.0035981378 -0.01160475 -0.0002612663
0.0019137012 -0.011068173 -0.0018769356
0.0028692435 -0.0055266107 -0.0023138574
-0.003798337 -0.008699793 0.0033947204
0.002058601 -0.0037401263 0.003066505
-0.0054030507 -0.0044264663 0.00478764
-0.0029860474 -0.0050310735 0.0025551966
-0.0014922397 -0.009034701 0.007481534
-0.0061254343 -0.008560203 0.0065531856
-0.00014634617 -0.0064296806 0.0023184363
-0.004346245 -0.0063362494 0.0029906668
0.005495144 -0.001406346 -0.00074176607
-0.0034239388 -0.00088150613 -0.0027308557
-0.0027083918 -0.0003144443 -0.0010145096
-0.0025746534 -0.006104759 -0.0002786836
0.0004557795 -0.006441381 0.0005915677
-0.0012284839 -0.0071949903 0.0018394152
-0.0012496435 -0.010978465 0.0014940356
-0.008247841 -0.0040792907 0.0014519528
-0.00091272965 -0.0039807395 0.0045166453
-0.006107434 -0.0077677346 0.0013046078
-0.0006600567 -0.005309093 0.0006563463
-0.0003893784 -0.00024009397 -0.0010382491
0.00092313264 -0.005629109 -0.0011813482
0.00076418964 -0.0005587444 -0.0006859285
0.001030516 -0.0012810862 0.00032463798
-0.00061173143 -0.0030072294 0.0011223934
-0.0009510456 0.0006904872 -0.00072960305
2.9361574e-05 -0.0020477506 0.0038732083
-0.0014099367 0.0036260309 0.0034220673
0.0027174884 -0.00092694606 -0.0026652669
-0.0028989904 -0.008847616 -0.001611993
-0.0039291815 -0.0090618525 -0.0027951186
-0.0009445766 -0.011186952 0.0024975627
-0.005224667 -0.010532122 0.004237832
-0.0040345406 -0.017662305 0.007064122
-0.0058101276 -0.015129449 0.0054600793
-0.0015922755 -0.012132285 0.003502564
-0.0029210076 -0.008808592 0.0041517965
0.003579342 -0.009787656 0.001837635
-0.0015473873 -0.011246253 0.0028281591
-0.001845923 -0.009532395 0.0012300503
0.0011004673 -0.0072482293 -0.0025918542
0.0016106977 -0.0020926916 0.00014815561
-0.0022262607 -0.0035908972 -0.0005634132
-0.0015576531 -0.004036963 0.0024993015
0.00038786232 -0.00970391 -0.0012568684
-0.002544664 -0.0059328815 0.0084816255
-0.0014196539 -0.0075056334 0.004132155
-0.00052134925 -0.01055954 -0.0005545388
-0.004506193 -0.0013006986 0.0059701945
0.0013729511 -0.001743081 0.008810243
-0.003517787 -0.0028474834 0.0029666903
-0.00227327 -0.002208599 0.00155638
-0.0039525204 -0.00066137116 0.00036665658
-0.0010536402 -0.0037255837 0.0025977106
-0.0003539091 -0.0011592978 0.0013087143
0.001680427 7.4230484e-05 0.00025683176
-0.00012570992 -0.003023114 0.0006264951
0.0041666506 -0.0045565804 -0.0006159146
-0.0075037302 -0.0033220246 0.0030279672
0.0011598611 0.0014174143 -4.6178873e-05
0.0028720158 -0.0046714284 0.0019832584
0.0037748767 -0.010081049 0.000830097
0.00017063646 -0.009804621 0.0025329615
-0.0060923747 -0.008038206 0.0065082973
-0.008761017 -0.009282197 0.0032137716
-0.004879657 -0.0141564105 0.0014143628
-0.009959122 -0.015347707 0.003828521
-0.006713653 -0.01118293 0.0014261763
-0.008465718 -0.010298787 0.003309295
-0.0028107935 -0.008707968 0.0005785639
-0.0040775803 -0.010033155 0.0025645583
-0.0018346163 -0.00492217 -0.0008621699
-0.0048990166 -0.0056739757 -0.001915091
-0.0022852402 -0.006682136 -0.0017030862
-0.0064728577 -0.0066450397 -0.004129401
-0.005238462 -0.008405773 -0.0053124693
-0.007042717 -0.0053093005 -0.0010398981
0.00043257815 -0.010029761 0.0027787678
-0.0046479544 -0.004941769 0.0041006496
-0.0023877178 -0.008317818 -0.0001842163
-0.00267206 -0.0014002044 0.0036042836
0.00050263945 -0.0015776833 0.004324498
-0.0022935928 -0.0040040044 0.0017701676
-0.00078929006 -0.0031340811 0.002269484
-0.002300851 -0.0012539693 -0.002075483
-0.0011441258 -0.0036935625 -0.0010209195
0.000931457 -4.6709e-05 -0.00087900454
0.0006039443 0.0003805149 -0.00047649152
0.002714214 -0.0032722326 0.0046684
-0.0015756359 -0.004503766 0.0033497394
-0.006688459 -0.0044451337 0.004513151
-0.004701374 0.00017953664 -0.002021441
-0.0007986316 -0.012121271 0.003622258
0.0003853417 -0.008552131 0.0042425804
0.0006616155 -0.00595282 0.00023462705
0.0002920148 -0.0053640027 0.004277829
-0.0047653406 -0.0045896983 0.008124728
0.005050032 -0.009073654 0.0014474496
-0.002614067 -0.004151514 0.003911554
0.005180183 -0.0055606887 0.0023195432
0.0005577575 -0.0030288831 0.0026047344
0.004432949 -0.00075399084 0.0019805185
-2.5262707e-05 -0.0024256492 -0.0017102744
-0.00042366423 -0.00041026436 -0.0020817814
-0.00088790245 -0.003978978 -0.0065898537
-0.004347808 -0.0019641826 -0.006473648
-0.0019073859 -0.0035027028 -0.004920349
3.6065e-05 -0.0032897214 -0.0057368088
-0.0058942996 -0.0051101255 -0.0056490665
0.00060679484 0.0008156253 0.0033896929
-0.0038611314 0.0012318688 0.0043399353
-0.0025133416 -0.0013678018 0.00450279
0.0034436788 -0.004866391 0.008597131
0.000120219775 -0.0062738615 0.009996974
-0.0013589895 -0.0048376983 0.0017204823
-0.0008945877 -0.00335305 3.0777068e-05
-0.004238558 -0.0011500947 -0.00027159532
-0.00025688414 -0.0044158595 0.0012607956
-0.00048178842 -0.00082660327 0.0012684809
0.0012486958 -0.0010952717 0.0007099209
0.00014550216 -0.0019024992 0.002479607
-0.0024244834 -0.009286646 -0.00017762161
-0.009208788 -0.0017134395 0.00024498883
-0.0050464864 -0.0045792656 0.0011121043
0.0006008863 -0.009810652 0.0017432125
-0.0046807714 -0.00576386 0.0010505563
-0.007565049 -0.007139189 -0.0053133434
-0.0055829785 -0.00516858 -0.0015666715
-0.004483352 -0.0025227265 0.0028461758
-0.00035030523 -0.0047063637 0.0022463426
-0.0007657495 -0.0065060323 0.003201216
0.005125827 -0.0059203533 0.0009627941
0.0032944018 -0.005336278 0.0026681826
0.0014911566 -0.0027269311 0.0018308627
0.00031411927 -0.0057453793 0.00090351957
-0.006422979 -0.0011715302 0.0005835758
-0.004604133 -0.0014520977 -0.0016977967
0.0008485608 0.0003625136 -0.005542639
-0.0033969972 0.0017753332 -0.007451006
0.001477031 -0.0074119787 0.0005768817
-0.003009024 -0.00672206 0.0005166908
-0.0031507383 0.0012500044 -0.00081351737
-0.0017923131 -0.00013381429 0.0061807614
-0.005938563 -0.0065976493 -0.0005097141
0.004562478 0.0039752745 0.00041843625
0.004016406 -0.00097168377 0.008032097
-0.0031468018 -0.0030632005 -0.004418946
-0.0008653095 -0.0042072684 -0.000947473
0.00023144763 -0.00070962263 -0.0038826063
-0.0011717235 -0.0040434427 0.0007455361
0.0002631867 -0.001755876 -0.0017954559
0.0011497021 -0.0013110938 0.0011347919
0.002868285 -0.0025587475 0.0026130152
0.0017069728 -0.0074300524 0.005296767
-0.0036397153 -0.0055632154 0.006330247
-0.0040859105 -0.0034902156 0.006216294
-0.0037108976 -0.0060079303 0.0033849268
-0.008803348 -0.0058682333 0.003927604
-0.012206335 -0.0076439264 0.003969645
-0.005236852 -0.0051960433 0.0021296898
-0.0026188612 0.00051479414 -0.0025593936
0.003934919 -0.0060173087 -0.0034704674
-0.0002023417 -0.003963042 0.0008857778
0.0038502328 -0.005899444 -0.0012106935
0.00074796355 -0.004548738 0.0004606545
-0.0013922991 -0.0032492594 0.0009575072
-0.005915513 -0.0038527774 -0.0012891056
-0.003488183 -0.00029206462 0.0066221748
-0.0012406853 0.001473167 -0.0029328596
-0.0029227654 -5.801441e-05 -0.0035374425
0.0037948522 0.0011655381 -0.0039522075
-0.0008221518 -0.011341046 -0.0002752752
0.004519341 -0.0052952366 0.008488056
-0.003161531 0.0040077884 0.007971911
-0.0035044858 0.00023193657 0.006086429
0.00044389488 -0.0057732533 0.0029149565
-0.002385713 0.0018191775 -0.0020435872
0.0015359239 0.0038080537 0.0041759936
-0.0022843513 -0.0011982247 0.0044309795
-0.00036860938 -0.0032994219 0.0039641433
-0.002030938 0.0002739709 -2.0402484e-05
0.0011260717 -0.003044874 0.0029686135
-0.0007269511 -0.0010056574 0.0015711298
0.0012913423 -0.0025914204 0.002414214
0.0001511604 -0.0015285332 0.0017779954
-0.00076738745 -0.0041120276 0.0042051184
-0.0034436581 -0.0032515512 0.003703875
-0.0006014006 -0.0039777975 0.0075474335
0.0007334489 -0.006438751 0.005489423
-0.002416686 -0.0058133425 0.004474992
-0.004301858 -0.006857805 0.00058166776
-0.0013128794 -0.004911543 0.0031919796
-0.0055814884 -0.005596508 0.0020135632
0.00037605478 -0.004711496 -0.0009096679
-0.0051676687 -0.0067024617 0.0034719435
-0.0034453548 -0.0087490175 -0.00014922753
-0.0072823856 -0.0089916 0.0051031513
-0.009159931 -0.00536225 -0.0018568378
-0.012406237 -0.005342044 -0.003575542
-0.0063184947 -0.0068575433 -0.004084135
-0.00077391544 -0.0044952817 0.00038970984
0.0049236626 -0.0021913862 -0.00040699146
-0.0035401676 0.003760738 -0.006673593
0.0050528306 -0.014617838 0.00033868523
-0.0011739302 -0.015817808 0.010272563
0.0003799426 -0.01033202 0.010925966
0.002919822 0.0029777624 0.00015538279
0.0067922994 0.0007543117 0.0008903955
-0.0012819096 0.00037443917 0.00013138121
-0.0008262681 -0.00040953374 -0.00056392467
-0.0043645 -0.0007680538 0.0017411739
-0.0010890614 -0.0060113356 0.0021841195
-0.0030085586 -0.0007872088 -0.00020597456
-0.0020325908 -0.0031380274 0.002229836
0.00083525537 -0.0017815086 -5.0148694e-05
0.0034405696 -0.0024782133 -0.0001133075
0.002486244 -0.0026969041 0.0012036525
-0.0012777705 -0.0007544366 0.0021342053
-0.0016954334 -0.0021259454 0.0056809755
0.00076966186 -0.0039999248 0.0044748913
-0.00086675596 0.0003669695 0.0030957267
-0.0037767724 0.006511044 0.0024680567
-0.00725939 0.0013225856 0.0028723811
-0.0040396033 -0.00038140314 0.0031356555
-0.0048406003 -0.009944256 0.0037706206
0.004524807 0.001208799 0.001362388
0.00282057 -0.0029511405 0.0029764054
0.0021934374 0.0030162837 0.004883161
0.0016205161 -0.00671116 0.0064451117
-0.003832228 -0.00012326986 0.0050302236
-0.00028961932 -0.003615567 -0.0007489284
-0.0015326871 0.0015739389 0.0017612075
0.0007931306 0.0013468787 0.0045833834
0.00023540994 0.00068651885 0.002822536
-0.0020995205 -0.0024980363 0.001628566
-0.009904467 -0.019585809 0.014617499
-0.0070921825 -0.017605634 0.013754381
-0.0076256245 -0.0069640246 0.012726486
0.001073997 0.0011771964 -0.003719654
0.0067060995 -0.004051606 0.002648562
0.0001623939 -0.007831043 0.0018400876
-0.0012931019 -0.005105738 0.0033698762
-0.004418265 0.0020572643 0.00509621
0.0013034802 -0.0024310558 0.0013847454
-0.00048376946 -8.589588e-05 0.0013698605
0.00027531048 -0.0026209184 0.0031995885
-0.0007204179 -0.002283486 0.0010623636
0.0008284617 -0.0021794825 0.0008885505
-0.0015666017 0.0007641653 0.0016102536
-0.001031416 -0.0040175375 0.0023490596
-0.0001951037 -0.002004299 0.003696147
0.0058678244 -0.0011829725 0.0043753837
-0.00062115514 -0.005787484 -0.00054226
0.0027590673 -0.0040541594 0.0001908982
-0.005998542 -0.0019006953 -0.0024662104
-0.00047312258 0.0035559498 -0.0020246692
0.0002335133 -0.0011389512 -0.00070686033
0.0026775938 -0.0036369385 -0.00067440304
0.0013693382 -0.0052548638 -0.00076236133
0.0010851303 0.00032615894 0.00063020363
-0.00036999304 0.0023815315 0.0024664355
0.0001765599 -0.0008834 0.0023779133
0.0033516223 -0.003690089 -0.00040349225
0.0058832285 -0.0041885665 -0.0030431957
0.0052410318 0.0024629906 0.00668845
0.009372085 -0.00025995076 0.0056819
-0.0040833424 0.00041390955 -0.0014295563
0.0055721016 -0.011606136 0.00011559925
0.0059624924 -0.0023847865 0.0049798614
0.0078653265 -0.010539119 0.0035388516
0.0020854534 -0.0031654993 -0.004354506
0.0051736347 -0.01005884 -0.0014838863
-0.00147796 -0.0010097108 0.0014248348
0.0004927297 -0.0065781865 0.0010566722
-0.00058878795 -0.0013736675 0.0008104211
-0.0017895418 -0.0030222056 0.0013893975
-0.0031444784 -0.0006565158 0.001155803
0.0011599364 -0.0046312576 0.0015841529
-0.0003227149 -0.00086498907 0.00023426523
0.0013460994 -0.002869134 -0.0009928286
-0.0010639537 -0.0014173181 0.00018463517
-0.00027264783 -0.0024089538 -9.374472e-05
0.0023628839 -0.0014465526 0.0015989466
0.0024894532 -0.0025578437 0.0011193228
0.0045026178 -0.0052311337 0.001103109
0.0014391141 -0.0008468705 0.0025779938
-0.0020959938 -0.002966003 0.003931897
-0.00073561154 -0.00050339196 -0.0001031406
0.00010050123 -0.00056359405 -0.0021148552
-0.00040575035 0.00030811806 0.0014095784
0.0031757522 -0.0020634115 -0.00490346
-0.0024969324 -0.0015476004 0.00030059426
0.0030863285 -0.0010358549 -4.9498165e-05
-0.0024840324 0.0023797555 0.0020216042
0.0033816593 -0.0051417965 0.00080159167
0.0031174214 -0.0069267917 0.009377298
0.002349639 -0.0020852769 0.0073610162
-0.0012297761 0.0006517675 0.008018507
-0.0027101608 -0.01079393 0.005604141
-0.0014686026 -0.008442104 0.0020921973
-0.0027158903 0.000102214515 -0.000115203205
0.00097359344 -0.0012596217 0.0067970594
-1.3433746e-05 -0.00368628 0.0034003463
-0.00035989692 -0.004970094 0.0056272876
-0.0036950232 -0.0062734983 0.00505388
0.0010696368 -0.008162089 0.00418891
-0.00036819512 -0.0054264176 0.0025916009
-0.0029457356 -0.0030275933 0.0035824177
0.0004468006 -0.00059482316 0.00186502
0.000754016 -0.0018601802 0.0042012623
3.4291588e-07 -0.00147353 5.3521013e-05
0.001380976 -0.0023839795 0.00064045086
-0.0018454248 -0.0020185437 0.0017809023
6.841624e-05 -0.0043347464 0.0017122827
0.0032809852 -0.004996147 0.0028144324
0.0013344118 -0.0047871 0.0020221684
0.00092111493 -0.0044006733 0.0029948014
0.0031651878 -0.0023087799 0.0036565578
0.0039534857 -0.0032778033 0.0044032624
0.003987498 -0.006581722 0.0028326341
0.002131562 -0.0042925924 0.0029990512
0.0026905066 -0.0040481016 0.0037037414
0.0037568635 -0.001128973 0.006033374
0.0029252262 -0.007967035 0.003575666
0.0004345311 -0.0035396996 0.0061042556
0.0036658524 -0.0075003062 0.0027730917
0.0024750812 -0.008897385 0.008853421
0.0077771572 -0.009112189 0.0022344962
0.0043715797 -0.0075838976 0.0097671
0.0038354506 -0.0067462754 0.007214786
0.0015325379 0.006098427 -0.00082812563
-0.0030562705 -0.006894513 -0.0017145765
-0.0068428954 -0.000790481 -0.004603163
0.0059040496 -0.005695258 -0.00085398194
-0.005014105 -0.00090362225 0.0008836153
0.0027346606 -0.009806921 -0.0008304119
-0.0036402699 -0.0028122086 0.0025986785
-0.001783149 -0.005478572 0.0016643312
-0.0026756 -0.0028999108 0.0007449512
-0.002821467 -0.0043269284 0.0028405646
-0.0017076721 -0.0002154297 -0.0023634927
0.00024642627 -0.0057185516 0.0016285991
0.0006741586 -0.002660393 0.00031084882
0.0018189994 -0.0025573086 0.0012013153
0.00011522573 -0.0022655395 -0.000568226
0.00014839941 -0.0027204962 0.0015880933
-0.0019545981 -0.0022320997 -0.0009280129
0.0024472836 -0.0029462108 -0.0019954904
-0.00070725696 -0.004625611 0.0006593246
0.0024734861 -0.004960508 0.0004378716
0.00059334247 -0.004015111 0.0016836284
0.0024221311 -0.005267055 0.003352442
0.0011037175 -0.0062851477 0.0035580609
0.0016725213 -0.005729547 0.004211816
0.0016203229 -0.005140327 0.003009932
0.0028408698 -0.004052694 0.0053265244
0.00024471176 -0.0042989673 0.0036442892
0.0039995825 -0.0095669255 0.007125846
0.006766973 -0.010585326 0.0104995845
-8.566701e-05 -0.010748264 0.010596094
0.0012501124 -0.004827141 0.0019786286
0.010301214 -0.00576667 0.00826326
0.0060551343 -0.0077492194 0.003988734
0.0022343362 -0.0022170935 0.0029738878
-0.0036487868 -0.0032829503 0.0020699617
0.00075020536 -0.0020271703 0.0055998457
-0.0029773288 -0.0002668011 0.0061153993
0.0019785026 -0.008519841 0.004048994
0.0018788557 -0.0040585613 0.004931415
0.0010363928 -0.0045420863 0.00056973903
0.0003850289 -0.0037313392 0.004448098
-6.4972264e-05 -0.0029644216 0.003114155
-0.00014959986 -0.0016537112 0.0017600916
0.00046539312 -0.002566244 0.004547836
0.00093121344 -0.00071920425 0.0002531656
0.0011923639 -0.0007727897 0.0009271882
0.0010358337 -0.0024856664 0.0013377685
-0.00038549752 -0.001186925 0.0030085444
-0.0004311378 -0.00067029404 0.0017666819
-0.00043041914 -0.001965687 0.0020274748
0.0009588443 -0.0017139654 0.0024850653
0.0018934112 -0.0036447064 0.001758466
-0.00075674144 -0.0014900096 0.0041074003
0.0020465911 -0.0048379926 0.0014698633
-0.0012683336 -0.0014435978 0.00359135
1.0040356e-05 -0.0041216025 0.00036879524
-0.0013584857 0.0003773556 0.0036409663
0.00061625894 -0.003985155 -0.00072182494
-0.00045276352 -0.0010434296 0.0050013503
0.0020846596 -0.007547153 0.0022345402
0.0046155397 -0.0073750224 0.0010741863
0.0063282745 -0.008960164 0.00034236745
0.0011224321 -0.0028970218 0.0018148153
0.0055155484 -0.011356111 0.0020271514
0.005433623 -0.00513808 0.0028977753
0.0021586986 -0.011883606 -0.00349521
-0.00031405524 -0.000592079 0.0022731926
0.0018880421 -0.007481261 -0.00080852
-0.0025072307 -0.0035504082 0.0008027088
-0.001519501 -0.0065919254 0.0015383405
-0.0040841685 -0.0013888739 0.0008301514
-0.002301013 -0.0040683616 -0.00035125366
-0.001513521 -0.0012871933 0.00057496247
-0.001430672 -0.0037919465 -0.00048408593
-0.00032436574 0.00022025168 -0.00019404653
0.0014125336 -0.0035401145 0.0023172316
0.00033482962 -0.00081035297 9.8279095e-05
0.00095156755 -0.0013369245 0.002165101
0.00032287097 -0.0024547952 0.00033615943
-0.00065744127 -0.003668793 0.0014287984
-0.0009510084 -0.002765343 0.00038098672
0.0003177264 -0.0017353797 0.0027624443
-0.0013777177 -0.0029005846 0.003526303
0.0020661051 -0.0024055745 0.003275319
0.0003581902 -0.0028536615 0.0049935216
0.0004411206 -0.0021572865 0.003421694
0.00037554925 -0.0038548284 0.0038561441
0.0017821284 -0.003159933 0.004044532
0.0021075644 -0.0015590535 0.0045092497
0.0038293374 -0.0012312895 0.003747347
0.00064914074 -0.002361102 0.003081508
0.0040780106 -0.0012023905 0.0044661956
0.00029057567 -0.0020668684 0.0022258197
0.002482134 0.0015412406 0.003371355
-0.0004549725 0.00056253 0.0038670055
0.0054638237 -0.0027087787 0.0023191925
0.001472513 -0.007568736 0.005085198
0.0012528186 -0.005284368 0.005058647
-6.331189e-05 -0.0054104477 0.0023970567
0.0025729379 -0.0048463047 0.0034881127
-0.0015913019 -0.004296344 0.004665129
3.904343e-05 -0.0039947443 0.0029070494
-0.0008254602 -0.0042727757 0.004024311
0.001745695 -0.0033648296 0.002780796
0.001453578 -0.0032348162 0.004263391
0.0019497352 -0.0035213379 0.0032549289
-0.00030589942 -0.0025973958 0.0034802638
0.001399203 -0.0018245196 0.0042245863
0.00061605696 -0.0018792354 0.000851401
0.0014919711 -0.0003838709 0.00056053314
0.00026421124 -0.0008063685 -8.2386134e-05
0.00038233644 -0.001015333 0.0018330044
0.0011681472 -0.0004833464 0.0017781559
0.00037941648 -0.0004897798 0.0021942162
-0.00016940397 -0.0013914107 0.0032541142
0.0018539293 -0.00127429 0.0015535777
2.842641e-05 -0.0006250073 0.0029986328
-9.955838e-06 -0.001344009 0.0017962086
-3.5558827e-05 -0.00066378515 0.002058149
0.0006269953 -0.0027348609 0.0021772415
0.00016814074 0.00029294076 0.002871803
0.0005593272 -0.0031610997 0.0020374241
0.0004978393 0.00034492894 0.003697752
0.0005527021 -0.00139579 0.0031469758
0.0016413383 0.0012157012 0.0033956699
0.0021275014 -0.0022838884 0.0018173561
0.0022020473 -0.00040617306 0.005078395
0.0026825366 -0.0019229469 0.005231005
0.002513669 1.0480406e-05 0.0041567837
0.0020677028 -0.0008313545 0.0017839759
-0.00021424633 0.00091962656 0.0034884075
0.0021386906 -0.0009776645 0.0016771746
-0.00023301668 -0.0012373771 0.0033898281
5.3917873e-05 -0.0013379109 0.003047348
-0.0013879123 -0.00013409066 0.002396694
-0.0008519928 -0.00039438158 0.0035722079
-0.0011655567 -0.0007038149 0.0022239164
-0.00042288005 -0.0014038456 0.0026385263
0.00040550902 0.0006494523 0.000866893
-0.0005417568 -0.00010709197 0.00097585487
-7.576439e-05 -0.0012155998 -0.0010965138
